Windows Registry Editor Version 5.00

[HKEY_LOCAL_MACHINE\SYSTEM\CurrentControlSet\Enum\DISPLAY\CMN1451\4&34803ba9&0&UID8388688\Device Parameters]
"EDID"=hex:00,ff,ff,ff,ff,ff,ff,00,0d,ae,51,14,00,00,00,00,20,20,01,04,b5,1e,\
  13,78,03,ee,95,a3,54,4c,99,26,0f,50,54,00,00,00,01,01,01,01,01,01,01,01,01,\
  01,01,01,01,01,01,01,a0,a5,00,a0,a0,40,84,60,30,20,a6,00,2d,bc,10,00,00,1a,\
  55,58,00,a0,a0,40,84,60,30,20,a6,00,2d,bc,10,00,00,1a,00,00,00,fe,00,46,58,\
  39,32,59,80,31,34,30,47,4c,45,0a,00,00,00,00,00,02,41,05,b2,00,00,00,00,0b,\
  41,0a,20,20,01,44,70,20,79,02,00,25,01,09,40,78,06,40,78,06,30,5a,80,81,00,\
  13,72,1a,00,00,03,01,30,5a,00,00,00,00,00,00,5a,00,00,00,00,00,00,00,00,00,\
  00,00,00,00,00,00,00,00,00,00,00,00,00,00,00,00,00,00,00,00,00,00,00,00,00,\
  00,00,00,00,00,00,00,00,00,00,00,00,00,00,00,00,00,00,00,00,00,00,00,00,00,\
  00,00,00,00,00,00,00,00,00,00,00,00,00,00,00,00,00,00,00,00,00,00,00,00,00,\
  00,00,00,00,00,00,00,a8,90

[HKEY_LOCAL_MACHINE\SYSTEM\CurrentControlSet\Enum\DISPLAY\CMN1451\4&34803ba9&0&UID8388688\Device Parameters\WDF]
